27.5 66.5 398.4 2.037 2.957
29.3 66.8 396.4 1.633 2.877
31.1 67.5 402.9 1.363 2.883
33 67.5 410.7 1.31 2.887
35.5 67.8 413.7 1.613 2.96
36 68.5 422.6 1.967 3.033
35.2 69.1 429.6 2.327 3.1
33.7 69.3 436.6 2.833 3.117
32.5 70 439.7 3 3.097
32.3 71.2 443.1 3.263 3.26
31.6 71.4 445.4 3.35 3.423
31.1 71.2 451 3.63 3.677
30.4 71.2 451.3 3.63 3.7
29.6 71.4 454 3.683 3.773
29.3 71.7 456.2 3.953 4.07
29.5 71.1 454.8 3.993 3.997
28.7 71 450.4 2.817 3.607
28.7 71.2 453.2 1.717 3.58
30.8 71.3 463 2.13 3.87
34.1 71.3 469.5 3.213 4.093
37.9 71 472.6 3.303 4.13
39.2 71 480 3.603 4.353
38.3 71 476.8 4.193 4.473
36.9 71.1 480.7 4.76 4.57
38.2 71.2 485.5 4.687 4.553
34.8 71.4 488.4 4.073 4.453
33.5 71.5 488.2 3.373 4.313
33.4 71.4 486.3 3.27 4.32
33.8 71.3 490.6 3.013 4.27
34 71.3 497.6 2.86 4.283
35.7 71.3 502.8 2.897 4.437
37 71.3 511.9 3.057 4.41
37.1 71.5 516.4 3.243 4.41
38.6 71.6 521.1 3.203 4.297
38.9 71.5 523.7 3.333 4.337
38.8 71.4 526.1 3.263 4.257
40.2 71.6 530.6 3.31 4.197
43.3 71.1 535.5 3.317 4.22
43.9 70.2 541.1 3.697 4.287
45.6 70.6 549.1 3.907 4.333
46.4 69.9 559.7 3.95 4.37
44.1 70.8 575.8 3.933 4.407
42.8 71.8 583 3.91 4.41
41.9 72.2 589.7 4.063 4.43
43.4 72.2 595.5 4.3 4.42
44.1 71.5 603.4 4.38 4.443
43 72.8 620.1 4.38 4.497
42.3 72.9 631.3 4.47 4.613
42.7 72.9 636.2 4.97 4.813
40.1 75.2 639 5.427 5.003
38 74.6 646.4 5.79 5.32
33.3 75.9 652.6 6 5.383
32.7 76.6 661.6 5.45 5.12
36.3 76.6 667.5 4.717 5.263
38.4 77.4 672.5 4.973 5.617
41.4 77.4 677.7 5.303 6.027
41.9 78.8 686.3 5.58 6.127
42.9 80 696.6 6.08 6.253
42.8 80.9 697 5.963 6.077
43.6 83.1 700.7 5.963 6.243
45.2 85.3 701.8 6.657 6.7
44.7 86.8 707.2 7.54 6.887
42.9 88.9 718.8 8.487 7.063
40.1 90 723 8.62 7.467
40.2 89.9 727.4 8.553 7.893
38.3 91 742.6 8.167 8.14
39.6 90.4 750.1 7.837 8.22
43.4 90.9 745.6 6.293 7.907
46.4 92.4 761.4 4.59 7.217
51.3 94.4 769.9 5.04 7.473
54.6 95.4 769.9 5.743 7.557
56.4 97.1 775.9 5.067 7.3
60.9 98 783.7 4.06 7.233
61.6 98.4 790.7 4.577 7.277
61.7 100.3 803.7 4.937 7.207
63.8 103.3 827.1 5.333 7.137
64.4 106 845.1 6.283 7.22
62 109.8 852.7 7.467 7.307
58.3 113.2 858.2 9.873 7.587
54 115 862.1 8.98 7.65
49.5 117.8 846.7 8.303 7.897
46.8 120.8 843.1 10.457 8.363
44 124.6 843 11.533 8.987
39.7 127 835.1 9.05 9.017
36.3 130.2 829.8 6.563 8.707
37 131.8 874.1 5.92 8.873
39.5 133 863.1 6.667 8.913
42.3 135.6 871.7 6.12 8.81
45.5 137.2 881.8 5.29 8.557
46.8 140.7 886.3 5.57 8.533
46.8 143.8 891.5 5.53 8.463
52.3 147.6 900.9 4.99 8.183
53.5 152.3 904.8 4.81 8.033
58 157.6 918.6 5.237 8.013
58.8 160.6 931.9 5.807 7.947
60.3 166.1 946.6 6.593 8.103
59.5 168.6 952.1 6.797 8.45
59.9 175.7 960.3 7.2 8.67
59.7 182.6 968.7 8.05 8.76
60.3 188.2 983.2 9.9 9.03
57.7 191.4 990.2 10.1 9.29
