1939.7
2009.55
1934.12
1912.43
1933.29
1931.23
1943.4
2001.99
2032.03
2066.94
2054.54
2067.04
2040.75
1986.07
2038.43
2066.55
1999.1
2040.45
2033.13
1985.08
1971.29
1957.71
2054.72
2085.56
2110.71
2127.31
2126.92
2129.43
2110.24
2094.68
2082.1
2128.3
2059.48
2018.96
2006.9
2033.64
2065.75
2089.3
2085.96
2097.04
2114.36
2141.66
2160.48
2159.92
2154.52
2110.4
2059.16
2077.68
2098.32
2142.4
2140.22
2166.54
2170.1
2176.78
2209.5
2230.5
2270.94
2333.94
2324.1
2300.78
2286.33
2258.36
2290.9
2313.18
2258.75
2277.96
2300.92
2313.26
2378.2
2403.3
2395.7
2388.98
2470.2
2488.06
2491.05
2503.92
2497.38
2486.36
2488.13
2464.92
2528.6
2573.12
2610.36
2654.86
2695.38
2685.32
2688.62
2737.52
2720.23
2686.14
2684.12
2676.78
2759.68
2735.84
2662.42
2637.16
2631.12
2606.4
2631.54
2650.93
2707.96
2736.86
2746.92
2696.7
2729.8
2797.33
2752.18
2673.08
2588.1
2675.22
2632.3
2630.54
2679.88
2628.58
2675.1
2697.2
2724.44
2724.64
2718.98
2733.68
2733.94
2661.86
2684.38
2745.64
2823.06
2845.94
2869.5
2906.3
2923.96
2885.99
