50147 1 0 0 1
49325 0 1 0 2
57948 0 0 1 3
76781 0 0 0 4
48617 1 0 0 5
50898 0 1 0 6
58517 0 0 1 7
77691 0 0 0 8
50862 1 0 0 9
53028 0 1 0 10
58849 0 0 1 11
79660 0 0 0 12
51640 1 0 0 13
54119 0 1 0 14
65681 0 0 1 15
85175 0 0 0 16
56405 1 0 0 17
60031 0 1 0 18
71486 0 0 1 19
92183 0 0 0 20
60800 1 0 0 21
64900 0 1 0 22
76997 0 0 1 23
103337 0 0 0 24
67279 1 0 0 25
69869 0 1 0 26
81029 0 0 1 27
107192 0 0 0 28
69110 1 0 0 29
76084 0 1 0 30
87160 0 0 1 31
113829 0 0 0 32
73567 1 0 0 33
79360 0 1 0 34
97324 0 0 1 35
136036 0 0 0 36
78071 1 0 0 37
84382 0 1 0 38
100422 0 0 1 39
139632 0 0 0 40
79823 1 0 0 41
84750 0 1 0 42
96724 0 0 1 43
140586 0 0 0 44
97015 1 0 0 45
103137 0 1 0 46
114402 0 0 1 47
152135 0 0 0 48
101984 1 0 0 49
108562 0 1 0 50
121749 0 0 1 51
160499 0 0 0 52
108152 1 0 0 53
114499 0 1 0 54
127292 0 0 1 55
171965 0 0 0 56
115673 1 0 0 57
125995 0 1 0 58
136255 0 0 1 59
169677 0 0 0 60
111905 1 0 0 61
127872 0 1 0 62
145367 0 0 1 63
188635 0 0 0 64
