1 0.108 0.424 2.07 2.05
2 0.166 0.482 2.17 2.1
3 0.126 0.428 2.17 2.04
4 0.115 0.397 2.07 1.96
5 0.119 0.352 2.12 2.06
6 0.176 0.342 2.05 2.01
7 0.155 0.434 2.1 2.03
8 0.118 0.445 2.07 2.09
9 0.136 0.428 2.1 2.01
10 0.137 0.395 2.14 2.04
11 0.124 0.354 2.12 2.03
12 0.131 0.497 2.05 2.07
13 0.12 0.425 2.07 2.03
14 0.133 0.401 2.12 2.04
15 0.067 0.363 2.16 2.1
16 0.086 0.341 2.17 2.06
17 0.14 0.464 2.14 2.06
18 0.122 0.431 2.01 2.01
19 0.105 0.405 2.02 1.99
20 0.079 0.46 2.1 2.01
21 0.13 0.41 2.12 2.06
22 0.142 0.423 2.13 1.94
23 0.12 0.31 2.16 2.11
24 0.115 0.413 2.09 2.05
25 0.103 0.411 2.15 2.05
26 0.078 0.452 2.11 2.05
27 0.093 0.405 2.11 2.04
28 0.086 0.29 2.05 2.02
29 0.099 0.342 2.11 2.03
30 0.078 0.311 2.17 2.03
31 0.095 0.327 2.11 2.03
32 0.094 0.413 2.07 2.04
33 0.056 0.4 2.16 1.99
34 0.05 0.38 2.01 1.94
35 0.065 0.371 2.21 2.05
36 0.091 0.344 2.08 2.09
37 0.094 0.345 2.08 2.03
38 0.124 0.363 2.12 2.07
39 0.153 0.392 2.03 2.09
40 0.078 0.379 2.14 2.07
41 0.114 0.349 2.04 2.07
42 0.088 0.337 2.17 2.1
43 0.165 0.235 2.09 2.04
44 0.16 0.25 2.11 2
45 0.075 0.36 2 2.03
46 0.118 0.282 1.95 2.06
47 0.1 0.257 2.14 2.12
48 0.102 0.345 2.09 1.99
49 0.131 0.344 2.09 2.06
50 0.148 0.358 2.03 2.11
51 0.137 0.322 2.07 2.02
52 0.09 0.332 2.17 1.99
53 0.088 0.315 2.01 2.05
54 0.172 0.316 1.94 2.01
55 0.111 0.341 2.08 2.06
56 0.097 0.387 2.17 2.13
57 0.098 0.402 2.07 2.05
58 0.09 0.347 2.18 2.12
59 0.127 0.414 1.96 2
60 0.116 0.426 2.14 2.03
61 0.137 0.322 2.11 2.03
62 0.111 0.372 2.11 2.05
63 0.107 0.381 2.1 2
64 0.097 0.339 2.14 2.05
65 0.134 0.405 2.1 2.04
66 0.16 0.304 2.06 2.03
67 0.147 0.439 2.13 1.99
68 0.104 0.336 1.99 2.08
69 0.128 0.405 2.07 2
70 0.128 0.359 1.96 2.02
71 0.165 0.379 2.02 1.98
72 0.184 0.303 1.92 2.03
73 0.172 0.34 1.86 1.93
74 0.207 0.312 1.9 2.02
75 0.221 0.291 1.89 1.96
76 0.159 0.259 2.01 2.01
77 0.198 0.342 1.93 2.03
78 0.197 0.458 1.88 1.99
79 0.251 0.275 1.92 2.07
80 0.146 0.34 1.94 2.03
81 0.133 0.385 2.01 1.98
82 0.243 0.338 1.94 1.99
83 0.192 0.37 1.94 1.99
84 0.15 0.29 1.92 2.02
85 0.221 0.325 1.89 2.1
86 0.183 0.337 2.02 2.04
87 0.136 0.338 2.01 1.94
88 0.206 0.323 1.97 2.06
89 0.127 0.357 1.97 1.95
90 0.139 0.381 1.89 2.06
91 0.189 0.371 2.03 1.97
92 0.194 0.294 2.03 2.06
93 0.114 0.384 1.98 2.02
94 0.229 0.286 1.97 2.03
95 0.148 0.335 2.02 2.05
96 0.155 0.31 2.03 2
97 0.106 0.304 2.06 2
98 0.156 0.305 2.1 1.99
99 0.053 0.403 2.07 1.98
100 0.112 0.365 1.86 1.99
101 0.084 0.305 1.99 1.93
102 0.191 0.172 2.01 1.99
103 0.149 0.321 2.07 1.97
104 0.143 0.343 2.11 2.07
105 0.094 0.354 2.08 1.97
106 0.184 0.316 2.08 1.99
107 0.205 0.292 2.08 1.86
108 0.206 0.305 2.07 2.03
109 0.191 0.294 2.13 2
110 0.195 0.289 2.1 1.95
111 0.179 0.301 2.08 1.94
112 0.272 0.304 2.09 2.02
113 0.203 0.306 2.09 1.94
114 0.165 0.405 2.05 2.01
115 0.138 0.344 2.02 1.87
116 0.216 0.353 2.1 1.97
117 0.132 0.383 1.99 1.9
118 0.12 0.349 2.11 2.03
119 0.083 0.374 2.18 2
120 0.118 0.411 2.07 1.94
121 0.125 0.287 2.09 2.05
122 0.109 0.42 2.03 1.97
123 0.119 0.47 2.01 2.02
124 0.154 0.354 2.08 1.98
125 0.122 0.392 2.09 2.09
126 0.126 0.421 1.98 1.98
127 0.126 0.435 2.02 2.05
128 0.13 0.424 2.08 2.03
129 0.158 0.344 2.08 1.97
130 0.141 0.369 2.03 1.99
131 0.145 0.364 2.02 1.95
132 0.127 0.386 2.09 2.06
133 0.171 0.406 2.04 1.98
134 0.152 0.439 1.96 2.03
135 0.211 0.345 1.96 2.06
136 0.309 0.291 2.05 2.05
137 0.242 0.292 1.98 1.96
138 0.38 0.249 1.94 2.06
139 0.362 0.283 1.97 1.94
140 0.328 0.301 2 2.03
141 0.359 0.28 2.02 1.96
142 0.352 0.251 1.96 2.09
143 0.322 0.303 2.03 1.98
144 0.333 0.274 2 1.99
145 0.365 0.328 1.98 1.96
146 0.367 0.244 1.96 2.05
147 0.305 0.323 1.9 1.95
148 0.298 0.288 1.98 2.03
149 0.307 0.293 1.99 1.99
150 0.318 0.321 1.98 2
151 0.28 0.33 1.97 1.94
152 0.298 0.273 1.98 2.03
153 0.336 0.304 1.94 1.97
154 0.339 0.292 1.93 2.02
155 0.344 0.251 2 2.05
156 0.31 0.35 2.03 1.97
157 0.317 0.302 1.95 2.03
158 0.369 0.306 1.96 1.93
159 0.32 0.272 1.98 1.98
160 0.29 0.296 2.05 2.06
161 0.361 0.265 1.97 1.95
162 0.235 0.364 2.01 2.05
163 0.32 0.284 1.95 2
164 0.337 0.33 1.89 2.06
165 0.289 0.351 1.94 2.05
166 0.339 0.336 2 1.97
167 0.187 0.383 2.01 2.04
168 0.414 0.214 1.93 2
169 0.373 0.26 2 1.98
170 0.265 0.298 2.01 1.95
171 0.316 0.248 1.89 1.95
172 0.245 0.308 1.93 1.91
173 0.328 0.356 1.83 2
174 0.368 0.278 1.9 1.94
175 0.287 0.314 1.85 2.01
176 0.369 0.214 1.93 1.98
177 0.406 0.253 1.95 1.86
178 0.316 0.287 1.93 1.99
179 0.362 0.238 1.95 1.95
180 0.308 0.253 1.92 2
181 0.286 0.336 1.9 1.95
182 0.42 0.255 1.88 1.89
183 0.299 0.249 1.88 1.99
184 0.383 0.195 1.84 2.04
185 0.354 0.269 2.03 1.96
186 0.418 0.201 1.97 1.93
187 0.425 0.184 1.94 1.92
188 0.445 0.203 1.87 1.97
189 0.408 0.193 1.91 2.01
190 0.282 0.322 1.85 1.92
191 0.41 0.261 1.78 1.96
192 0.425 0.183 1.83 1.95
193 0.358 0.289 1.84 1.86
194 0.393 0.243 1.81 1.92
195 0.375 0.302 1.89 1.92
196 0.273 0.35 1.88 1.89
197 0.237 0.401 1.81 2
198 0.331 0.332 1.83 1.96
199 0.335 0.351 1.9 1.93
200 0.395 0.28 1.87 1.99
201 0.357 0.308 1.9 1.97
202 0.296 0.299 1.93 2
203 0.307 0.199 1.9 1.99
204 0.39 0.283 1.72 1.96
205 0.298 0.333 1.89 1.87
206 0.381 0.233 1.85 1.93
207 0.354 0.296 1.85 1.97
208 0.436 0.267 1.96 2
209 0.357 0.253 1.88 1.95
210 0.427 0.239 1.76 2
211 0.432 0.155 1.8 2
212 0.45 0.247 1.73 1.99
213 0.53 0.201 1.67 1.84
214 0.431 0.266 1.72 1.93
215 0.42 0.29 1.76 1.91
216 0.411 0.231 1.76 1.94
217 0.423 0.255 1.8 1.98
218 0.433 0.242 1.72 1.94
219 0.393 0.271 1.87 1.95
220 0.389 0.266 1.8 1.86
221 0.387 0.244 1.85 1.91
222 0.439 0.204 1.71 1.9
223 0.421 0.213 1.74 1.87
224 0.363 0.295 1.86 1.88
225 0.401 0.254 1.88 1.86
226 0.394 0.242 1.78 1.95
227 0.459 0.228 1.74 1.93
228 0.441 0.181 1.83 1.88
229 0.388 0.264 1.82 1.84
230 0.373 0.277 1.82 1.85
231 0.385 0.284 1.8 1.8
232 0.314 0.248 1.87 1.88
233 0.347 0.28 1.92 1.86
234 0.408 0.249 1.91 1.82
235 0.341 0.279 1.75 1.85
236 0.361 0.282 1.9 1.82
237 0.414 0.267 1.82 1.86
238 0.38 0.252 1.77 1.81
239 0.274 0.19 1.85 1.79
240 0.352 0.284 1.83 1.77
241 0.439 0.207 1.83 1.76
242 0.355 0.327 1.89 1.78
243 0.435 0.259 1.87 1.73
244 0.408 0.286 1.9 1.68
245 0.383 0.275 1.81 1.69
246 0.357 0.244 1.83 1.79
247 0.374 0.341 1.85 1.68
248 0.366 0.331 1.78 1.76
249 0.346 0.25 1.79 1.73
250 0.381 0.22 1.75 1.74
251 0.329 0.293 1.88 1.74
252 0.474 0.205 1.71 1.74
253 0.397 0.254 1.8 1.78
254 0.436 0.268 1.79 1.76
255 0.417 0.211 1.66 1.82
256 0.43 0.203 1.74 1.66
257 0.388 0.271 1.63 1.81
258 0.453 0.29 1.73 1.76
259 0.316 0.323 1.75 1.82
260 0.414 0.253 1.79 1.68
261 0.396 0.23 1.72 1.83
262 0.42 0.22 1.84 1.74
263 0.432 0.235 1.84 1.71
264 0.453 0.228 1.82 1.7
265 0.43 0.216 1.82 1.68
266 0.327 0.324 1.73 1.7
267 0.388 0.268 1.75 1.67
268 0.377 0.257 1.85 1.77
269 0.466 0.194 1.65 1.75
270 0.478 0.212 1.79 1.59
271 0.365 0.218 1.81 1.72
272 0.472 0.216 1.66 1.64
273 0.399 0.276 1.76 1.74
274 0.391 0.19 1.71 1.8
275 0.473 0.249 1.76 1.81
276 0.384 0.172 1.81 1.67
