1397 1784 2213 1812 1965
1470 2017 2230 1717 1812
1614 2017 2236 1927 1492
1721 2017 2268 1950 1289
1773 2017 2219 2104 1256
1885 2017 2205 2091 1418
1966 2244 2222 2171 1607
1961 2252 2221 2207 1825
1974 2254 2307 1930 1987
1962 2362 2241 2097 2083
1867 2310 2219 1976 2099
1849 2230 2219 2043 2129
1870 2231 2283 1934 2001
1891 2286 2459 1717 1998
1911 2302 2554 1971 1767
1933 2322 2521 2027 1611
1990 2342 2357 2141 1463
2068 2560 2170 2135 1521
2155 2504 2100 2197 1633
2289 2561 2152 2186 1815
2337 2561 2184 2032 1974
2351 2578 2292 2115 2208
2330 2610 2245 1928 2262
2295 2626 2353 2120 2358
2273 2633 2380 1992 2088
2264 2423 2434 1825 1655
2217 2425 2518 2147 1505
2191 2450 2419 2159 1383
2206 2460 2266 2135 1373
2292 2481 2275 2260 1471
2394 2543 2277 2280 1651
2432 2543 2294 2237 1909
2450 2543 2332 2135 2180
2447 2644 2326 2159 2323
2438 2644 2291 2122 2356
2422 2644 2305 2222 2237
2399 2629 2343 2014 1860
2404 2742 2555 1941 1430
2456 2700 2581 2153 1333
2495 2710 2647 2215 1419
2545 2710 2615 2191 1483
2589 2718 2653 2293 1622
2612 2708 2591 2323 1789
2605 2733 2609 2314 2049
2596 2761 2596 2208 2298
2575 2786 2587 2221 2528
2563 2829 2580 2168 2674
2558 2881 2615 2295 2706
2551 2888 2607 2080 2503
2528 2897 2751 1934 2133
2520 2934 2737 2262 1657
2530 2943 2620 2172 1379
2555 2955 2514 2408 1362
2605 2989 2359 2387 1446
2664 3019 2220 2362 1573
2713 3027 2190 2456 1805
2751 3057 2115 2233 2002
2781 3075 2192 2322 2207
2775 3105 2161 2260 2331
2827 3124 2232 2319 2332
2870 3164 2408 2144 2165
2923 3223 2544 2043 1757
2999 3242 2419 2250 1271
3130 3262 2379 2131 1127
3316 3357 2297 2245 1150
3493 3564 2320 2169 1231
3710 3706 2441 2138 1414
3977 3857 2352 2289 1713
4221 4221 2323 2077 1954
4392 4367 2110 2188 2203
4883 4504 2233 2044 2311
4596 4708 2399 2095 2366
4811 5136 2649 1972 2287
5175 5151 2773 1923 2121
5604 5228 2858 1997 1915
5854 5339 2750 2049 1777
5955 5401 2660 2097 1770
5986 5490 2675 2010 1831
6011 5514 2638 2100 1958
6029 5668 2622 2073 2138
5996 5713 2610 1965 2263
5915 5796 2491 2078 2323
5908 6006 2599 1881 2257
5961 6328 2135 2063 2234
6075 7044 2295 1988 2054
6329 8427 2323 1769 1800
6832 8428 2345 1954 1726
6947 8425 2252 1986 1647
6904 8399 2150 2057 1647
6856 8159 1963 2112 1719
6774 7989 1877 2125 1802
6684 7968 1906 2072 1867
6664 7968 1932 2005 2003
6661 7882 1929 2055 2068
6617 7859 2029 1925 2012
6577 7872 2058 2089 2000
6517 7872 2168 1842 1902
6423 7703 2161 1705 1660
6211 7448 2015 2058 1467
5786 7179 1820 2075 1277
5557 7178 1762 2070 1088
5827 7182 1802 2054 1145
6288 7184 1853 2117 1246
6363 7184 1872 2074 1482
6284 7188 1935 1962 1589
6172 7353 1943 1989 1612
6110 7341 1919 1972 1702
6007 7204 1967 2036 1856
