-3.284579576 -3.737607333
-1.766018797 -0.903527261
1.0253782447 0.81714602
-3.369774477 -0.130936317
-0.027173367 2.6557278416
2.7225066401 3.0153305244
0.8609200615 1.4526023819
1.9096767012 1.0698829121
-3.898587171 -0.832647746
1.8111499898 0.9304444947
2.9464500566 1.7423260414
0.1807076653 1.5175640327
-0.898401197 1.9893396453
-0.912813223 3.2786716804
-0.25019548 4.676269379
4.9385315153 4.5777066469
2.5896152291 4.7737124888
5.7317852636 5.5669622117
3.6690042597 3.3117299988
3.4735925715 2.4128090047
4.0214997004 0.9415690435
2.8495546497 -1.411362399
-1.923889096 -3.35100201
-4.387836495 -3.913613406
-1.239203012 -0.201910649
-3.178165264 1.7116175854
-1.059992279 5.4579893217
3.167663416 6.144147904
3.4662002286 3.9280282661
-0.425008625 0.0322342014
2.5917760244 2.0568665975
0.2007426957 0.4135358681
1.3288259401 -0.489937465
-2.680197448 -1.408698865
1.2455568118 2.6642081076
-0.703060206 2.6135105987
-2.252247556 2.8276634994
5.0147399711 4.5294628149
1.5456999282 3.1296244217
1.2756682227 2.6013391798
-0.469612608 2.0644562173
1.1739941084 1.3154987146
0.3393788995 -0.212560766
-1.635101933 0.6686251299
1.2241122359 2.427702403
3.4103220167 1.9479024631
4.1654889418 0.4352366069
1.577672778 -1.506222814
-3.767436087 -2.067940944
-4.252444291 0.4583117782
3.7762161296 3.2148141793
3.2863778598 2.2642275014
4.0233404775 1.5414915127
4.0346732264 0.2084277527
2.5786560431 -0.985583496
-4.316538314 -4.531950954
-1.971294522 -0.683351286
-3.881970416 0.8205686176
-0.755214254 2.6187937685
3.6671210405 4.7685278764
-0.077864527 2.4403598179
5.8570594882 1.9998931505
2.922024998 -2.531456389
-3.759639476 -6.115481415
-0.270632437 -3.406539279
-3.365193806 -5.228990687
-1.143757957 -3.472022877
-3.314362343 -2.953575924
-1.641241907 -2.550396466
-0.688668014 -0.620135627
-0.668836437 -1.399922416
-2.34965469 -0.87850003
-3.748550925 0.3237227959
-2.726885099 1.3896624727
1.140812832 3.950863605
1.7068925747 2.8403198121
3.483657296 2.8756028595
1.8165839611 0.6107473096
-1.016511576 0.4067338304
-0.586988132 1.0842894155
-0.391798541 -0.117011545
-2.316845058 -1.003843602
2.2317333448 0.0000632517
1.036209663 -1.831485773
2.1063694284 -2.902606609
0.4642507398 -6.228333134
-0.09303086 -5.77971678
2.8871757933 -5.974986735
2.2090392615 -6.647685431
1.1210002768 -6.739598336
-4.442021919 -9.320864597
-5.0310371 -6.188671368
-0.780974415 -2.298683466
0.1985736103 -2.150749634
0.8536768413 -1.67853112
2.9813487276 -1.222448267
1.7993982848 -2.501110959
-1.253919075 -3.018435038
-3.253353497 -2.190727757
-2.743400898 -0.085628397
0.5617872457 2.0405010667
3.1284272653 2.5579244525
-0.174937968 -0.03425563
-0.515367382 0.1604905373
1.2375261983 0.9166281612
-3.19177389 -1.92414745
-0.441209501 -0.570352927
-1.010444527 -0.045745006
-1.900499007 0.8119731709
-0.458587327 2.4682962281
3.0795362894 3.9756677653
3.5050273428 2.8239075465
3.103509427 1.9958826693
3.4674863295 0.8865382696
1.6894876312 -2.266907748
3.6659385189 -2.315562673
-2.957485071 -5.830672318
0.2956979139 -2.839748018
1.0117054849 -1.893106804
0.123023537 -3.286238983
-0.792230771 -4.297582807
-2.544105625 -4.593101697
-0.907964711 -4.066662278
-4.686871003 -6.389672443
-6.040949776 -6.473548974
-4.007263676 -2.997716712
-1.481366518 -1.250037178
-1.343352382 0.0263373643
-3.524968867 1.248061631
3.0391250255 3.8535980181
0.4505965317 1.8435039121
1.2942180276 2.5723828661
1.3791387674 1.8989237184
1.2932758965 1.0369952903
1.4751254088 2.426781295
2.6442685508 1.3305345065
4.3571883079 0.6650955648
-0.210477337 -2.073096327
2.8152844989 -0.662245639
1.9839445069 -2.341471689
-0.124489088 -1.966534374
-4.073813604 -2.925321054
-2.626380766 -2.678535619
-1.201947585 -1.765309062
-5.438741446 -2.277741392
-2.10021408 -0.114684064
2.1518200346 3.032959223
2.4384857439 2.7506492506
-0.18856659 0.1905261666
-2.958856409 0.0004828963
