-0.0248 0.0197
0.0249 -0.0294
0.0854 0.24
0.0042 0.0323
-0.0176 -0.0238
0.0539 0.0481
0.0259 0.1122
-0.0073 0.0204
-0.0916 -0.1802
0.0166 0.011
0.0149 -0.0085
0.0397 -0.0055
-0.0365 0.0221
0.0552 0.0519
0.0017 0.0464
-0.0263 0.0049
0.0387 -0.0069
0.0087 0.0297
0.0531 0.3202
0 -0.0693
-0.0686 -0.0745
0.0426 0.1864
0.0168 -0.005
0.0576 0.0252
-0.0044 -0.1018
-0.1018 -0.1063
0.0411 0.1404
0.0466 0.0539
0.027 0.1234
0.065 0.1433
0.0058 0.102
0.0252 0.0363
0.016 0.01
0.1024 0.1139
-0.0339 0.0773
-0.0457 -0.0083
0.0133 0.0542
0.036 0.1562
-0.0235 0.0582
-0.0017 0.0032
-0.0104 -0.0177
-0.0022 -0.0263
-0.0621 -0.0354
-0.0538 0.0597
0.0492 0.053
0.0366 0.1038
-0.0301 -0.0299
-0.0175 -0.0029
-0.0606 -0.0207
-0.0102 0.1046
0.04 0.1366
-0.0392 -0.0601
-0.0203 0.0837
-0.023 0.0307
0.116 0.153
0.0076 0.1315
0.1104 0.1056
0.0361 0.207
0.0152 0.0537
0.0331 -0.0576
0.019 0.0479
0.0331 0.1766
0.0749 0.0648
-0.0124 0.1663
0.0352 0.0897
-0.033 0.0479
0.0113 -0.0388
0.0102 0.0381
-0.0152 -0.0398
0.0174 0.0732
-0.0088 -0.0734
-0.0092 -0.0897
-0.0389 -0.0951
0.0135 0.0367
0.0055 0.0677
-0.0594 0.0458
0.0175 0.1125
-0.0165 -0.0121
0.1063 0.0841
-0.0035 -0.0283
-0.0001 -0.0175
-0.0151 -0.0534
0.0224 -0.0488
0.0741 0.2013
0.0087 0
-0.0029 -0.0177
-0.0046 0.0504
0.0541 0.1173
0.0121 0.0443
-0.0049 -0.0938
-0.012 0.0469
-0.0347 -0.0773
0.0425 0.11
0.0651 0.1179
0.0451 0.0771
0.0024 0.0078
0.0715 0.0584
0.0528 0.1593
-0.0142 0.0286
0.0502 0.1821
0.0141 0.0844
-0.0587 -0.1036
0.0712 0.0117
-0.0854 -0.1064
0.0547 0.0685
0.0215 0.0613
-0.0283 -0.0227
0.1318 0.043
0.0369 0.1289
0.0264 0.0513
-0.0115 -0.0152
0.006 0.0331
0.0479 0.157
0.0482 0.1017
0.035 0.0881
-0.0242 -0.0648
-0.2176 -0.2706
-0.0854 -0.1312
0.0729 0.0846
0.07  .